# oST version 5.0 parameters


[image]

width
320

height
240

[narrow_stereo/left]

camera matrix
387.386851 0.000000 160.089395
0.000000 387.449595 113.607509
0.000000 0.000000 1.000000

distortion
-0.121344 0.170337 -0.000959 0.002085 0.000000

rectification
0.996910 -0.011362 -0.077727
0.011734 0.999922 0.004334
0.077671 -0.005233 0.996965

projection
414.536411 0.000000 192.224175 0.000000
0.000000 414.536411 114.948230 0.000000
0.000000 0.000000 1.000000 0.000000

# oST version 5.0 parameters


[image]

width
320

height
240

[narrow_stereo/right]

camera matrix
388.091269 0.000000 157.208423
0.000000 388.174556 116.098371
0.000000 0.000000 1.000000

distortion
-0.116485 0.214642 0.002062 0.000606 0.000000

rectification
0.997188 0.019078 -0.072465
-0.019425 0.999803 -0.004086
0.072373 0.005482 0.997363

projection
414.536411 0.000000 192.224175 -6749.631363
0.000000 414.536411 114.948230 0.000000
0.000000 0.000000 1.000000 0.000000


Left:
D =  [-0.12134398092675555, 0.17033693182931264, -0.0009593095490519574, 0.002085210307627765, 0.0]
K =  [387.3868509818388, 0.0, 160.08939476725692, 0.0, 387.44959473853726, 113.60750890646858, 0.0, 0.0, 1.0]
R =  [0.9969099604569139, -0.011362079077272002, -0.0777266614543297, 0.011734338849795014, 0.9999217565880014, 0.004334281223406456, 0.07767133340913075, -0.005232959106203693, 0.9969652853060835]
P =  [414.53641100979837, 0.0, 192.22417545318604, 0.0, 0.0, 414.53641100979837, 114.94822978973389, 0.0, 0.0, 0.0, 1.0, 0.0]

Right:
D =  [-0.11648461967871598, 0.2146417518190076, 0.002062269167130563, 0.0006063995361921594, 0.0]
K =  [388.09126938516886, 0.0, 157.20842308246333, 0.0, 388.1745563172678, 116.09837072936656, 0.0, 0.0, 1.0]
R =  [0.9971884405731103, 0.019078352105132073, -0.07246537427158625, -0.019425292198089198, 0.9998029624450377, -0.0040858670004151635, 0.07237314426213168, 0.005482040412002573, 0.9973625595652436]
P =  [414.53641100979837, 0.0, 192.22417545318604, -6749.631362666924, 0.0, 414.53641100979837, 114.94822978973389, 0.0, 0.0, 0.0, 1.0, 0.0]
self.T [-16.236581864028576, -0.3106406103220639, 1.1799073613326796]
self.R [0.9995004645167735, -0.031132631917997464, -0.005438810588036801, 0.031177223375676792, 0.9994792774113528, 0.008315934575462432, 0.005177081546316238, -0.008481347483667002, 0.9999506310671162]
