# oST version 5.0 parameters


[image]

width
640

height
480

[narrow_stereo/left]

camera matrix
857.256305 0.000000 320.090208
0.000000 865.780755 154.566197
0.000000 0.000000 1.000000

distortion
-0.039644 0.126578 -0.031302 0.006578 0.000000

rectification
0.995686 -0.011148 -0.092110
0.012169 0.999871 0.010526
0.091981 -0.011602 0.995693

projection
932.824743 0.000000 403.907907 0.000000
0.000000 932.824743 141.284834 0.000000
0.000000 0.000000 1.000000 0.000000

# oST version 5.0 parameters


[image]

width
640

height
480

[narrow_stereo/right]

camera matrix
848.438040 0.000000 293.600804
0.000000 853.007286 147.414135
0.000000 0.000000 1.000000

distortion
-0.027227 0.104256 -0.029070 -0.002612 0.000000

rectification
0.994511 0.002210 -0.104608
-0.003370 0.999935 -0.010914
0.104577 0.011207 0.994454

projection
932.824743 0.000000 403.907907 -14748.869337
0.000000 932.824743 141.284834 0.000000
0.000000 0.000000 1.000000 0.000000
