# oST version 5.0 parameters


[image]

width
640

height
480

[narrow_stereo/left]

camera matrix
857.256305 0.000000 320.090208
0.000000 865.780755 154.566197
0.000000 0.000000 1.000000

distortion
-0.039644 0.126578 -0.031302 0.006578 0.000000

rectification
0.995686 -0.011148 -0.092110
0.012169 0.999871 0.010526
0.091981 -0.011602 0.995693

projection
932.824743 0.000000 403.907907 0.000000
0.000000 932.824743 141.284834 0.000000
0.000000 0.000000 1.000000 0.000000

# oST version 5.0 parameters


[image]

width
640

height
480

[narrow_stereo/right]

camera matrix
848.438040 0.000000 293.600804
0.000000 853.007286 147.414135
0.000000 0.000000 1.000000

distortion
-0.027227 0.104256 -0.029070 -0.002612 0.000000

rectification
0.994511 0.002210 -0.104608
-0.003370 0.999935 -0.010914
0.104577 0.011207 0.994454

projection
932.824743 0.000000 403.907907 -14748.869337
0.000000 932.824743 141.284834 0.000000
0.000000 0.000000 1.000000 0.000000

Left:
D =  [-0.12966389622876134, 0.256990966572081, -0.015114458962320231, 0.003055348073953809, 0.0]
K =  [804.2971422978203, 0.0, 308.58398774684105, 0.0, 806.119111560945, 187.78981769058808, 0.0, 0.0, 1.0]
R =  [0.9807070310118196, 0.03459855102649017, -0.19239714028760802, -0.034142422175472045, 0.9994007986681456, 0.005686706381082513, 0.19247860746580123, 0.000991911457825634, 0.9813006683884843]
P =  [950.1696203348058, 0.0, 492.8292999267578, 0.0, 0.0, 950.1696203348058, 187.46508407592773, 0.0, 0.0, 0.0, 1.0, 0.0]

Right:
D =  [-0.10016577310444794, 0.1811967889711149, -0.009488444756060362, -0.005548332753664946, 0.0]
K =  [801.0633125267158, 0.0, 296.75333687644775, 0.0, 802.5201856964607, 205.0145388355015, 0.0, 0.0, 1.0]
R =  [0.9731253668401664, 0.06091617741469898, -0.2220726001589856, -0.06144338622826091, 0.9981002422681163, 0.004540558680622028, 0.2219273094979447, 0.009226359710543098, 0.9750195606168602]
P =  [950.1696203348058, 0.0, 492.8292999267578, -19433.77821474152, 0.0, 950.1696203348058, 187.46508407592773, 0.0, 0.0, 0.0, 1.0, 0.0]
self.T [-19.90329110674685, -1.2459159461970224, 4.5420413015730725]
self.R [0.9991649748393994, -0.027517709368512572, 0.030201468926074265, 0.02743924051706381, 0.9996189424781572, 0.003009637635573981, -0.030272778762929543, -0.0021784191425928147, 0.9995393005560161]
