# oST version 5.0 parameters


[image]

width
320

height
240

[narrow_stereo/left]

camera matrix
387.386851 0.000000 160.089395
0.000000 387.449595 113.607509
0.000000 0.000000 1.000000

distortion
-0.121344 0.170337 -0.000959 0.002085 0.000000

rectification
0.996910 -0.011362 -0.077727
0.011734 0.999922 0.004334
0.077671 -0.005233 0.996965

projection
414.536411 0.000000 192.224175 0.000000
0.000000 414.536411 114.948230 0.000000
0.000000 0.000000 1.000000 0.000000
