# oST version 5.0 parameters


[image]

width
320

height
240

[narrow_stereo/right]

camera matrix
388.091269 0.000000 157.208423
0.000000 388.174556 116.098371
0.000000 0.000000 1.000000

distortion
-0.116485 0.214642 0.002062 0.000606 0.000000

rectification
0.997188 0.019078 -0.072465
-0.019425 0.999803 -0.004086
0.072373 0.005482 0.997363

projection
414.536411 0.000000 192.224175 -6749.631363
0.000000 414.536411 114.948230 0.000000
0.000000 0.000000 1.000000 0.000000
