Left:
D =  [-0.0602450988995801, 0.28330285104621195, -0.013662883717415005, -0.0016873280461591055, 0.0]
K =  [397.93904644216923, 0.0, 155.24727797286567, 0.0, 399.01722207545777, 100.79149647848992, 0.0, 0.0, 1.0]
R =  [0.9958585862773048, 0.03996807825081233, 0.08165922396584994, -0.03933606404046557, 0.9991824367638074, -0.0093344591993722, -0.08196554278214892, 0.006083648878534583, 0.9966165957943658]
P =  [431.6992156317049, 0.0, 117.43196201324463, 0.0, 0.0, 431.6992156317049, 100.64630031585693, 0.0, 0.0, 0.0, 1.0, 0.0]

Right:
D =  [-0.06927127041248758, 0.18408821224449456, -0.00813517914908798, -0.004635681175441, 0.0]
K =  [403.71621706145726, 0.0, 157.38966850426343, 0.0, 402.76233323138115, 102.17622437426732, 0.0, 0.0, 1.0]
R =  [0.9964722205824005, 0.00955510994665112, 0.08337753583242444, -0.010198821594881651, 0.9999213589955431, 0.007297935501370522, -0.08330124636315824, -0.00812254260769357, 0.9964913078677258]
P =  [431.6992156317049, 0.0, 117.43196201324463, 271.2007344412434, 0.0, 431.6992156317049, 100.64630031585693, 0.0, 0.0, 0.0, 1.0, 0.0]
self.T [0.6260006696486489, 0.0060026813609256, 0.052379175441786455]
self.R [0.9995744302257753, 0.029129820739686098, -0.001553055855533371, -0.029151663716070052, 0.9994363447381611, -0.016648523027846435, 0.0010672119760467315, 0.016686712081693086, 0.9998601975768917]
# oST version 5.0 parameters


[image]

width
320

height
240

[narrow_stereo/left]

camera matrix
397.939046 0.000000 155.247278
0.000000 399.017222 100.791496
0.000000 0.000000 1.000000

distortion
-0.060245 0.283303 -0.013663 -0.001687 0.000000

rectification
0.995859 0.039968 0.081659
-0.039336 0.999182 -0.009334
-0.081966 0.006084 0.996617

projection
431.699216 0.000000 117.431962 0.000000
0.000000 431.699216 100.646300 0.000000
0.000000 0.000000 1.000000 0.000000

# oST version 5.0 parameters


[image]

width
320

height
240

[narrow_stereo/right]

camera matrix
403.716217 0.000000 157.389669
0.000000 402.762333 102.176224
0.000000 0.000000 1.000000

distortion
-0.069271 0.184088 -0.008135 -0.004636 0.000000

rectification
0.996472 0.009555 0.083378
-0.010199 0.999921 0.007298
-0.083301 -0.008123 0.996491

projection
431.699216 0.000000 117.431962 271.200734
0.000000 431.699216 100.646300 0.000000
0.000000 0.000000 1.000000 0.000000
