# oST version 5.0 parameters

[image]

width
640

height
480

[narrow_stereo/left]

camera matrix
857.256305 0.000000 320.090208
0.000000 865.780755 154.566197
0.000000 0.000000 1.000000

distortion
-0.039644 0.126578 -0.031302 0.006578 0.000000

rectification
0.995686 -0.011148 -0.092110
0.012169 0.999871 0.010526
0.091981 -0.011602 0.995693

projection
932.824743 0.000000 403.907907 0.000000
0.000000 932.824743 141.284834 0.000000
0.000000 0.000000 1.000000 0.000000
